enter readData
Utils: open the input file 'xinput.txt'
Utils: open succeeded for 'xinput.txt'
leave readData
enter doMovingAverage
Compute with 'width' and 'tolerance':   5    0.100
  10.540   10.470   10.290   10.180   10.150 :   51.630:   10.326   0.983     
  10.470   10.290   10.180   10.150   10.570 :   51.660:   10.332   1.023     
  10.290   10.180   10.150   10.570   10.800 :   51.990:   10.398   1.039     
  10.180   10.150   10.570   10.800   10.030 :   51.730:   10.346   0.969     
  10.150   10.570   10.800   10.030   10.530 :   52.080:   10.416   1.011     
  10.570   10.800   10.030   10.530   10.500 :   52.430:   10.486   1.001     
  10.800   10.030   10.530   10.500    9.960 :   51.820:   10.364   0.961     
  10.030   10.530   10.500    9.960    9.750 :   50.770:   10.154   0.960     
  10.530   10.500    9.960    9.750    9.550 :   50.290:   10.058   0.949     
  10.500    9.960    9.750    9.550    9.890 :   49.650:    9.930   0.996     
   9.960    9.750    9.550    9.890    9.620 :   48.770:    9.754   0.986     
   9.750    9.550    9.890    9.620    9.840 :   48.650:    9.730   1.011     
   9.550    9.890    9.620    9.840    9.160 :   48.060:    9.612   0.953     
   9.890    9.620    9.840    9.160    9.210 :   47.720:    9.544   0.965     
   9.620    9.840    9.160    9.210    9.710 :   47.540:    9.508   1.021     
   9.840    9.160    9.210    9.710    9.130 :   47.050:    9.410   0.970     
   9.160    9.210    9.710    9.130    8.090 :   45.300:    9.060   0.893 BUY
   9.210    9.710    9.130    8.090    8.270 :   44.410:    8.882   0.931     
   9.710    9.130    8.090    8.270    8.000 :   43.200:    8.640   0.926     
   9.130    8.090    8.270    8.000    8.410 :   41.900:    8.380   1.004     
   8.090    8.270    8.000    8.410    8.030 :   40.800:    8.160   0.984     
   8.270    8.000    8.410    8.030    8.710 :   41.420:    8.284   1.051     
   8.000    8.410    8.030    8.710    8.940 :   42.090:    8.418   1.062     
   8.410    8.030    8.710    8.940    8.240 :   42.330:    8.466   0.973     
   8.030    8.710    8.940    8.240    8.180 :   42.100:    8.420   0.971     
   8.710    8.940    8.240    8.180    8.320 :   42.390:    8.478   0.981     
   8.940    8.240    8.180    8.320    7.890 :   41.570:    8.314   0.949     
   8.240    8.180    8.320    7.890    7.650 :   40.280:    8.056   0.950     
   8.180    8.320    7.890    7.650    7.150 :   39.190:    7.838   0.912     
   8.320    7.890    7.650    7.150    7.680 :   38.690:    7.738   0.993     
   7.890    7.650    7.150    7.680    7.390 :   37.760:    7.552   0.979     
   7.650    7.150    7.680    7.390    7.390 :   37.260:    7.452   0.992     
   7.150    7.680    7.390    7.390    7.500 :   37.110:    7.422   1.011     
   7.680    7.390    7.390    7.500    7.150 :   37.110:    7.422   0.963     
   7.390    7.390    7.500    7.150    7.590 :   37.020:    7.404   1.025     
   7.390    7.500    7.150    7.590    7.850 :   37.480:    7.496   1.047     
   7.500    7.150    7.590    7.850    8.590 :   38.680:    7.736   1.110 SELL
   7.150    7.590    7.850    8.590    8.960 :   40.140:    8.028   1.116 SELL
   7.590    7.850    8.590    8.960    8.560 :   41.550:    8.310   1.030     
   7.850    8.590    8.960    8.560    8.150 :   42.110:    8.422   0.968     
   8.590    8.960    8.560    8.150    8.980 :   43.240:    8.648   1.038     
   8.960    8.560    8.150    8.980    8.410 :   43.060:    8.612   0.977     
   8.560    8.150    8.980    8.410    8.140 :   42.240:    8.448   0.964     
   8.150    8.980    8.410    8.140    8.560 :   42.240:    8.448   1.013     
   8.980    8.410    8.140    8.560    8.250 :   42.340:    8.468   0.974     
   8.410    8.140    8.560    8.250    8.490 :   41.850:    8.370   1.014     
   8.140    8.560    8.250    8.490    9.460 :   42.900:    8.580   1.103 SELL
   8.560    8.250    8.490    9.460    9.960 :   44.720:    8.944   1.114 SELL
   8.250    8.490    9.460    9.960    9.130 :   45.290:    9.058   1.008     
   8.490    9.460    9.960    9.130    9.200 :   46.240:    9.248   0.995     
   9.460    9.960    9.130    9.200    9.320 :   47.070:    9.414   0.990     
   9.960    9.130    9.200    9.320    9.630 :   47.240:    9.448   1.019     
   9.130    9.200    9.320    9.630    9.130 :   46.410:    9.282   0.984     
   9.200    9.320    9.630    9.130    9.650 :   46.930:    9.386   1.028     
   9.320    9.630    9.130    9.650    9.620 :   47.350:    9.470   1.016     
   9.630    9.130    9.650    9.620    9.800 :   47.830:    9.566   1.024     
   9.130    9.650    9.620    9.800   10.250 :   48.450:    9.690   1.058     
   9.650    9.620    9.800   10.250   10.480 :   49.800:    9.960   1.052     
   9.620    9.800   10.250   10.480   10.390 :   50.540:   10.108   1.028     
   9.800   10.250   10.480   10.390   10.200 :   51.120:   10.224   0.998     
  10.250   10.480   10.390   10.200   10.030 :   51.350:   10.270   0.977     
  10.480   10.390   10.200   10.030   10.900 :   52.000:   10.400   1.048     
  10.390   10.200   10.030   10.900   10.430 :   51.950:   10.390   1.004     
  10.200   10.030   10.900   10.430   10.140 :   51.700:   10.340   0.981     
  10.030   10.900   10.430   10.140   10.950 :   52.450:   10.490   1.044     
  10.900   10.430   10.140   10.950   10.410 :   52.830:   10.566   0.985     
  10.430   10.140   10.950   10.410   11.130 :   53.060:   10.612   1.049     
  10.140   10.950   10.410   11.130   11.890 :   54.520:   10.904   1.090     
  10.950   10.410   11.130   11.890   11.090 :   55.470:   11.094   1.000     
  10.410   11.130   11.890   11.090   11.160 :   55.680:   11.136   1.002     
  11.130   11.890   11.090   11.160   11.070 :   56.340:   11.268   0.982     
  11.890   11.090   11.160   11.070   11.370 :   56.580:   11.316   1.005     
  11.090   11.160   11.070   11.370   11.250 :   55.940:   11.188   1.006     
  11.160   11.070   11.370   11.250   11.140 :   55.990:   11.198   0.995     
  11.070   11.370   11.250   11.140   11.780 :   56.610:   11.322   1.040     
  11.370   11.250   11.140   11.780   11.460 :   57.000:   11.400   1.005     
  11.250   11.140   11.780   11.460   12.350 :   57.980:   11.596   1.065     
  11.140   11.780   11.460   12.350   12.450 :   59.180:   11.836   1.052     
  11.780   11.460   12.350   12.450   12.810 :   60.850:   12.170   1.053     
  11.460   12.350   12.450   12.810   12.930 :   62.000:   12.400   1.043     
  12.350   12.450   12.810   12.930   12.650 :   63.190:   12.638   1.001     
  12.450   12.810   12.930   12.650   12.220 :   63.060:   12.612   0.969     
  12.810   12.930   12.650   12.220   12.680 :   63.290:   12.658   1.002     
  12.930   12.650   12.220   12.680   12.910 :   63.390:   12.678   1.018     
  12.650   12.220   12.680   12.910   12.250 :   62.710:   12.542   0.977     
  12.220   12.680   12.910   12.250   12.860 :   62.920:   12.584   1.022     
  12.680   12.910   12.250   12.860   11.470 :   62.170:   12.434   0.922     
  12.910   12.250   12.860   11.470   11.510 :   61.000:   12.200   0.943     
  12.250   12.860   11.470   11.510   11.600 :   59.690:   11.938   0.972     
  12.860   11.470   11.510   11.600   11.820 :   59.260:   11.852   0.997     
  11.470   11.510   11.600   11.820   11.760 :   58.160:   11.632   1.011     
  11.510   11.600   11.820   11.760   11.460 :   58.150:   11.630   0.985     
  11.600   11.820   11.760   11.460   11.950 :   58.590:   11.718   1.020     
  11.820   11.760   11.460   11.950   11.630 :   58.620:   11.724   0.992     
  11.760   11.460   11.950   11.630   11.440 :   58.240:   11.648   0.982     
leave doMovingAverage
enter doMovingAverage
Compute with 'width' and 'tolerance':   5    0.050
  10.540   10.470   10.290   10.180   10.150 :   51.630:   10.326   0.983     
  10.470   10.290   10.180   10.150   10.570 :   51.660:   10.332   1.023     
  10.290   10.180   10.150   10.570   10.800 :   51.990:   10.398   1.039     
  10.180   10.150   10.570   10.800   10.030 :   51.730:   10.346   0.969     
  10.150   10.570   10.800   10.030   10.530 :   52.080:   10.416   1.011     
  10.570   10.800   10.030   10.530   10.500 :   52.430:   10.486   1.001     
  10.800   10.030   10.530   10.500    9.960 :   51.820:   10.364   0.961     
  10.030   10.530   10.500    9.960    9.750 :   50.770:   10.154   0.960     
  10.530   10.500    9.960    9.750    9.550 :   50.290:   10.058   0.949 BUY
  10.500    9.960    9.750    9.550    9.890 :   49.650:    9.930   0.996     
   9.960    9.750    9.550    9.890    9.620 :   48.770:    9.754   0.986     
   9.750    9.550    9.890    9.620    9.840 :   48.650:    9.730   1.011     
   9.550    9.890    9.620    9.840    9.160 :   48.060:    9.612   0.953     
   9.890    9.620    9.840    9.160    9.210 :   47.720:    9.544   0.965     
   9.620    9.840    9.160    9.210    9.710 :   47.540:    9.508   1.021     
   9.840    9.160    9.210    9.710    9.130 :   47.050:    9.410   0.970     
   9.160    9.210    9.710    9.130    8.090 :   45.300:    9.060   0.893 BUY
   9.210    9.710    9.130    8.090    8.270 :   44.410:    8.882   0.931 BUY
   9.710    9.130    8.090    8.270    8.000 :   43.200:    8.640   0.926 BUY
   9.130    8.090    8.270    8.000    8.410 :   41.900:    8.380   1.004     
   8.090    8.270    8.000    8.410    8.030 :   40.800:    8.160   0.984     
   8.270    8.000    8.410    8.030    8.710 :   41.420:    8.284   1.051 SELL
   8.000    8.410    8.030    8.710    8.940 :   42.090:    8.418   1.062 SELL
   8.410    8.030    8.710    8.940    8.240 :   42.330:    8.466   0.973     
   8.030    8.710    8.940    8.240    8.180 :   42.100:    8.420   0.971     
   8.710    8.940    8.240    8.180    8.320 :   42.390:    8.478   0.981     
   8.940    8.240    8.180    8.320    7.890 :   41.570:    8.314   0.949 BUY
   8.240    8.180    8.320    7.890    7.650 :   40.280:    8.056   0.950 BUY
   8.180    8.320    7.890    7.650    7.150 :   39.190:    7.838   0.912 BUY
   8.320    7.890    7.650    7.150    7.680 :   38.690:    7.738   0.993     
   7.890    7.650    7.150    7.680    7.390 :   37.760:    7.552   0.979     
   7.650    7.150    7.680    7.390    7.390 :   37.260:    7.452   0.992     
   7.150    7.680    7.390    7.390    7.500 :   37.110:    7.422   1.011     
   7.680    7.390    7.390    7.500    7.150 :   37.110:    7.422   0.963     
   7.390    7.390    7.500    7.150    7.590 :   37.020:    7.404   1.025     
   7.390    7.500    7.150    7.590    7.850 :   37.480:    7.496   1.047     
   7.500    7.150    7.590    7.850    8.590 :   38.680:    7.736   1.110 SELL
   7.150    7.590    7.850    8.590    8.960 :   40.140:    8.028   1.116 SELL
   7.590    7.850    8.590    8.960    8.560 :   41.550:    8.310   1.030     
   7.850    8.590    8.960    8.560    8.150 :   42.110:    8.422   0.968     
   8.590    8.960    8.560    8.150    8.980 :   43.240:    8.648   1.038     
   8.960    8.560    8.150    8.980    8.410 :   43.060:    8.612   0.977     
   8.560    8.150    8.980    8.410    8.140 :   42.240:    8.448   0.964     
   8.150    8.980    8.410    8.140    8.560 :   42.240:    8.448   1.013     
   8.980    8.410    8.140    8.560    8.250 :   42.340:    8.468   0.974     
   8.410    8.140    8.560    8.250    8.490 :   41.850:    8.370   1.014     
   8.140    8.560    8.250    8.490    9.460 :   42.900:    8.580   1.103 SELL
   8.560    8.250    8.490    9.460    9.960 :   44.720:    8.944   1.114 SELL
   8.250    8.490    9.460    9.960    9.130 :   45.290:    9.058   1.008     
   8.490    9.460    9.960    9.130    9.200 :   46.240:    9.248   0.995     
   9.460    9.960    9.130    9.200    9.320 :   47.070:    9.414   0.990     
   9.960    9.130    9.200    9.320    9.630 :   47.240:    9.448   1.019     
   9.130    9.200    9.320    9.630    9.130 :   46.410:    9.282   0.984     
   9.200    9.320    9.630    9.130    9.650 :   46.930:    9.386   1.028     
   9.320    9.630    9.130    9.650    9.620 :   47.350:    9.470   1.016     
   9.630    9.130    9.650    9.620    9.800 :   47.830:    9.566   1.024     
   9.130    9.650    9.620    9.800   10.250 :   48.450:    9.690   1.058 SELL
   9.650    9.620    9.800   10.250   10.480 :   49.800:    9.960   1.052 SELL
   9.620    9.800   10.250   10.480   10.390 :   50.540:   10.108   1.028     
   9.800   10.250   10.480   10.390   10.200 :   51.120:   10.224   0.998     
  10.250   10.480   10.390   10.200   10.030 :   51.350:   10.270   0.977     
  10.480   10.390   10.200   10.030   10.900 :   52.000:   10.400   1.048     
  10.390   10.200   10.030   10.900   10.430 :   51.950:   10.390   1.004     
  10.200   10.030   10.900   10.430   10.140 :   51.700:   10.340   0.981     
  10.030   10.900   10.430   10.140   10.950 :   52.450:   10.490   1.044     
  10.900   10.430   10.140   10.950   10.410 :   52.830:   10.566   0.985     
  10.430   10.140   10.950   10.410   11.130 :   53.060:   10.612   1.049     
  10.140   10.950   10.410   11.130   11.890 :   54.520:   10.904   1.090 SELL
  10.950   10.410   11.130   11.890   11.090 :   55.470:   11.094   1.000     
  10.410   11.130   11.890   11.090   11.160 :   55.680:   11.136   1.002     
  11.130   11.890   11.090   11.160   11.070 :   56.340:   11.268   0.982     
  11.890   11.090   11.160   11.070   11.370 :   56.580:   11.316   1.005     
  11.090   11.160   11.070   11.370   11.250 :   55.940:   11.188   1.006     
  11.160   11.070   11.370   11.250   11.140 :   55.990:   11.198   0.995     
  11.070   11.370   11.250   11.140   11.780 :   56.610:   11.322   1.040     
  11.370   11.250   11.140   11.780   11.460 :   57.000:   11.400   1.005     
  11.250   11.140   11.780   11.460   12.350 :   57.980:   11.596   1.065 SELL
  11.140   11.780   11.460   12.350   12.450 :   59.180:   11.836   1.052 SELL
  11.780   11.460   12.350   12.450   12.810 :   60.850:   12.170   1.053 SELL
  11.460   12.350   12.450   12.810   12.930 :   62.000:   12.400   1.043     
  12.350   12.450   12.810   12.930   12.650 :   63.190:   12.638   1.001     
  12.450   12.810   12.930   12.650   12.220 :   63.060:   12.612   0.969     
  12.810   12.930   12.650   12.220   12.680 :   63.290:   12.658   1.002     
  12.930   12.650   12.220   12.680   12.910 :   63.390:   12.678   1.018     
  12.650   12.220   12.680   12.910   12.250 :   62.710:   12.542   0.977     
  12.220   12.680   12.910   12.250   12.860 :   62.920:   12.584   1.022     
  12.680   12.910   12.250   12.860   11.470 :   62.170:   12.434   0.922 BUY
  12.910   12.250   12.860   11.470   11.510 :   61.000:   12.200   0.943 BUY
  12.250   12.860   11.470   11.510   11.600 :   59.690:   11.938   0.972     
  12.860   11.470   11.510   11.600   11.820 :   59.260:   11.852   0.997     
  11.470   11.510   11.600   11.820   11.760 :   58.160:   11.632   1.011     
  11.510   11.600   11.820   11.760   11.460 :   58.150:   11.630   0.985     
  11.600   11.820   11.760   11.460   11.950 :   58.590:   11.718   1.020     
  11.820   11.760   11.460   11.950   11.630 :   58.620:   11.724   0.992     
  11.760   11.460   11.950   11.630   11.440 :   58.240:   11.648   0.982     
leave doMovingAverage
enter doMovingAverage
Compute with 'width' and 'tolerance':  10    0.100
  10.540   10.470   10.290   10.180   10.150   10.570   10.800   10.030   10.530   10.500 :  104.060:   10.406   1.009     
  10.470   10.290   10.180   10.150   10.570   10.800   10.030   10.530   10.500    9.960 :  103.480:   10.348   0.963     
  10.290   10.180   10.150   10.570   10.800   10.030   10.530   10.500    9.960    9.750 :  102.760:   10.276   0.949     
  10.180   10.150   10.570   10.800   10.030   10.530   10.500    9.960    9.750    9.550 :  102.020:   10.202   0.936     
  10.150   10.570   10.800   10.030   10.530   10.500    9.960    9.750    9.550    9.890 :  101.730:   10.173   0.972     
  10.570   10.800   10.030   10.530   10.500    9.960    9.750    9.550    9.890    9.620 :  101.200:   10.120   0.951     
  10.800   10.030   10.530   10.500    9.960    9.750    9.550    9.890    9.620    9.840 :  100.470:   10.047   0.979     
  10.030   10.530   10.500    9.960    9.750    9.550    9.890    9.620    9.840    9.160 :   98.830:    9.883   0.927     
  10.530   10.500    9.960    9.750    9.550    9.890    9.620    9.840    9.160    9.210 :   98.010:    9.801   0.940     
  10.500    9.960    9.750    9.550    9.890    9.620    9.840    9.160    9.210    9.710 :   97.190:    9.719   0.999     
   9.960    9.750    9.550    9.890    9.620    9.840    9.160    9.210    9.710    9.130 :   95.820:    9.582   0.953     
   9.750    9.550    9.890    9.620    9.840    9.160    9.210    9.710    9.130    8.090 :   93.950:    9.395   0.861 BUY
   9.550    9.890    9.620    9.840    9.160    9.210    9.710    9.130    8.090    8.270 :   92.470:    9.247   0.894 BUY
   9.890    9.620    9.840    9.160    9.210    9.710    9.130    8.090    8.270    8.000 :   90.920:    9.092   0.880 BUY
   9.620    9.840    9.160    9.210    9.710    9.130    8.090    8.270    8.000    8.410 :   89.440:    8.944   0.940     
   9.840    9.160    9.210    9.710    9.130    8.090    8.270    8.000    8.410    8.030 :   87.850:    8.785   0.914     
   9.160    9.210    9.710    9.130    8.090    8.270    8.000    8.410    8.030    8.710 :   86.720:    8.672   1.004     
   9.210    9.710    9.130    8.090    8.270    8.000    8.410    8.030    8.710    8.940 :   86.500:    8.650   1.034     
   9.710    9.130    8.090    8.270    8.000    8.410    8.030    8.710    8.940    8.240 :   85.530:    8.553   0.963     
   9.130    8.090    8.270    8.000    8.410    8.030    8.710    8.940    8.240    8.180 :   84.000:    8.400   0.974     
   8.090    8.270    8.000    8.410    8.030    8.710    8.940    8.240    8.180    8.320 :   83.190:    8.319   1.000     
   8.270    8.000    8.410    8.030    8.710    8.940    8.240    8.180    8.320    7.890 :   82.990:    8.299   0.951     
   8.000    8.410    8.030    8.710    8.940    8.240    8.180    8.320    7.890    7.650 :   82.370:    8.237   0.929     
   8.410    8.030    8.710    8.940    8.240    8.180    8.320    7.890    7.650    7.150 :   81.520:    8.152   0.877 BUY
   8.030    8.710    8.940    8.240    8.180    8.320    7.890    7.650    7.150    7.680 :   80.790:    8.079   0.951     
   8.710    8.940    8.240    8.180    8.320    7.890    7.650    7.150    7.680    7.390 :   80.150:    8.015   0.922     
   8.940    8.240    8.180    8.320    7.890    7.650    7.150    7.680    7.390    7.390 :   78.830:    7.883   0.937     
   8.240    8.180    8.320    7.890    7.650    7.150    7.680    7.390    7.390    7.500 :   77.390:    7.739   0.969     
   8.180    8.320    7.890    7.650    7.150    7.680    7.390    7.390    7.500    7.150 :   76.300:    7.630   0.937     
   8.320    7.890    7.650    7.150    7.680    7.390    7.390    7.500    7.150    7.590 :   75.710:    7.571   1.003     
   7.890    7.650    7.150    7.680    7.390    7.390    7.500    7.150    7.590    7.850 :   75.240:    7.524   1.043     
   7.650    7.150    7.680    7.390    7.390    7.500    7.150    7.590    7.850    8.590 :   75.940:    7.594   1.131 SELL
   7.150    7.680    7.390    7.390    7.500    7.150    7.590    7.850    8.590    8.960 :   77.250:    7.725   1.160 SELL
   7.680    7.390    7.390    7.500    7.150    7.590    7.850    8.590    8.960    8.560 :   78.660:    7.866   1.088     
   7.390    7.390    7.500    7.150    7.590    7.850    8.590    8.960    8.560    8.150 :   79.130:    7.913   1.030     
   7.390    7.500    7.150    7.590    7.850    8.590    8.960    8.560    8.150    8.980 :   80.720:    8.072   1.112 SELL
   7.500    7.150    7.590    7.850    8.590    8.960    8.560    8.150    8.980    8.410 :   81.740:    8.174   1.029     
   7.150    7.590    7.850    8.590    8.960    8.560    8.150    8.980    8.410    8.140 :   82.380:    8.238   0.988     
   7.590    7.850    8.590    8.960    8.560    8.150    8.980    8.410    8.140    8.560 :   83.790:    8.379   1.022     
   7.850    8.590    8.960    8.560    8.150    8.980    8.410    8.140    8.560    8.250 :   84.450:    8.445   0.977     
   8.590    8.960    8.560    8.150    8.980    8.410    8.140    8.560    8.250    8.490 :   85.090:    8.509   0.998     
   8.960    8.560    8.150    8.980    8.410    8.140    8.560    8.250    8.490    9.460 :   85.960:    8.596   1.101 SELL
   8.560    8.150    8.980    8.410    8.140    8.560    8.250    8.490    9.460    9.960 :   86.960:    8.696   1.145 SELL
   8.150    8.980    8.410    8.140    8.560    8.250    8.490    9.460    9.960    9.130 :   87.530:    8.753   1.043     
   8.980    8.410    8.140    8.560    8.250    8.490    9.460    9.960    9.130    9.200 :   88.580:    8.858   1.039     
   8.410    8.140    8.560    8.250    8.490    9.460    9.960    9.130    9.200    9.320 :   88.920:    8.892   1.048     
   8.140    8.560    8.250    8.490    9.460    9.960    9.130    9.200    9.320    9.630 :   90.140:    9.014   1.068     
   8.560    8.250    8.490    9.460    9.960    9.130    9.200    9.320    9.630    9.130 :   91.130:    9.113   1.002     
   8.250    8.490    9.460    9.960    9.130    9.200    9.320    9.630    9.130    9.650 :   92.220:    9.222   1.046     
   8.490    9.460    9.960    9.130    9.200    9.320    9.630    9.130    9.650    9.620 :   93.590:    9.359   1.028     
   9.460    9.960    9.130    9.200    9.320    9.630    9.130    9.650    9.620    9.800 :   94.900:    9.490   1.033     
   9.960    9.130    9.200    9.320    9.630    9.130    9.650    9.620    9.800   10.250 :   95.690:    9.569   1.071     
   9.130    9.200    9.320    9.630    9.130    9.650    9.620    9.800   10.250   10.480 :   96.210:    9.621   1.089     
   9.200    9.320    9.630    9.130    9.650    9.620    9.800   10.250   10.480   10.390 :   97.470:    9.747   1.066     
   9.320    9.630    9.130    9.650    9.620    9.800   10.250   10.480   10.390   10.200 :   98.470:    9.847   1.036     
   9.630    9.130    9.650    9.620    9.800   10.250   10.480   10.390   10.200   10.030 :   99.180:    9.918   1.011     
   9.130    9.650    9.620    9.800   10.250   10.480   10.390   10.200   10.030   10.900 :  100.450:   10.045   1.085     
   9.650    9.620    9.800   10.250   10.480   10.390   10.200   10.030   10.900   10.430 :  101.750:   10.175   1.025     
   9.620    9.800   10.250   10.480   10.390   10.200   10.030   10.900   10.430   10.140 :  102.240:   10.224   0.992     
   9.800   10.250   10.480   10.390   10.200   10.030   10.900   10.430   10.140   10.950 :  103.570:   10.357   1.057     
  10.250   10.480   10.390   10.200   10.030   10.900   10.430   10.140   10.950   10.410 :  104.180:   10.418   0.999     
  10.480   10.390   10.200   10.030   10.900   10.430   10.140   10.950   10.410   11.130 :  105.060:   10.506   1.059     
  10.390   10.200   10.030   10.900   10.430   10.140   10.950   10.410   11.130   11.890 :  106.470:   10.647   1.117 SELL
  10.200   10.030   10.900   10.430   10.140   10.950   10.410   11.130   11.890   11.090 :  107.170:   10.717   1.035     
  10.030   10.900   10.430   10.140   10.950   10.410   11.130   11.890   11.090   11.160 :  108.130:   10.813   1.032     
  10.900   10.430   10.140   10.950   10.410   11.130   11.890   11.090   11.160   11.070 :  109.170:   10.917   1.014     
  10.430   10.140   10.950   10.410   11.130   11.890   11.090   11.160   11.070   11.370 :  109.640:   10.964   1.037     
  10.140   10.950   10.410   11.130   11.890   11.090   11.160   11.070   11.370   11.250 :  110.460:   11.046   1.018     
  10.950   10.410   11.130   11.890   11.090   11.160   11.070   11.370   11.250   11.140 :  111.460:   11.146   0.999     
  10.410   11.130   11.890   11.090   11.160   11.070   11.370   11.250   11.140   11.780 :  112.290:   11.229   1.049     
  11.130   11.890   11.090   11.160   11.070   11.370   11.250   11.140   11.780   11.460 :  113.340:   11.334   1.011     
  11.890   11.090   11.160   11.070   11.370   11.250   11.140   11.780   11.460   12.350 :  114.560:   11.456   1.078     
  11.090   11.160   11.070   11.370   11.250   11.140   11.780   11.460   12.350   12.450 :  115.120:   11.512   1.081     
  11.160   11.070   11.370   11.250   11.140   11.780   11.460   12.350   12.450   12.810 :  116.840:   11.684   1.096     
  11.070   11.370   11.250   11.140   11.780   11.460   12.350   12.450   12.810   12.930 :  118.610:   11.861   1.090     
  11.370   11.250   11.140   11.780   11.460   12.350   12.450   12.810   12.930   12.650 :  120.190:   12.019   1.053     
  11.250   11.140   11.780   11.460   12.350   12.450   12.810   12.930   12.650   12.220 :  121.040:   12.104   1.010     
  11.140   11.780   11.460   12.350   12.450   12.810   12.930   12.650   12.220   12.680 :  122.470:   12.247   1.035     
  11.780   11.460   12.350   12.450   12.810   12.930   12.650   12.220   12.680   12.910 :  124.240:   12.424   1.039     
  11.460   12.350   12.450   12.810   12.930   12.650   12.220   12.680   12.910   12.250 :  124.710:   12.471   0.982     
  12.350   12.450   12.810   12.930   12.650   12.220   12.680   12.910   12.250   12.860 :  126.110:   12.611   1.020     
  12.450   12.810   12.930   12.650   12.220   12.680   12.910   12.250   12.860   11.470 :  125.230:   12.523   0.916     
  12.810   12.930   12.650   12.220   12.680   12.910   12.250   12.860   11.470   11.510 :  124.290:   12.429   0.926     
  12.930   12.650   12.220   12.680   12.910   12.250   12.860   11.470   11.510   11.600 :  123.080:   12.308   0.942     
  12.650   12.220   12.680   12.910   12.250   12.860   11.470   11.510   11.600   11.820 :  121.970:   12.197   0.969     
  12.220   12.680   12.910   12.250   12.860   11.470   11.510   11.600   11.820   11.760 :  121.080:   12.108   0.971     
  12.680   12.910   12.250   12.860   11.470   11.510   11.600   11.820   11.760   11.460 :  120.320:   12.032   0.952     
  12.910   12.250   12.860   11.470   11.510   11.600   11.820   11.760   11.460   11.950 :  119.590:   11.959   0.999     
  12.250   12.860   11.470   11.510   11.600   11.820   11.760   11.460   11.950   11.630 :  118.310:   11.831   0.983     
  12.860   11.470   11.510   11.600   11.820   11.760   11.460   11.950   11.630   11.440 :  117.500:   11.750   0.974     
leave doMovingAverage
enter doMovingAverage
Compute with 'width' and 'tolerance':  10    0.050
  10.540   10.470   10.290   10.180   10.150   10.570   10.800   10.030   10.530   10.500 :  104.060:   10.406   1.009     
  10.470   10.290   10.180   10.150   10.570   10.800   10.030   10.530   10.500    9.960 :  103.480:   10.348   0.963     
  10.290   10.180   10.150   10.570   10.800   10.030   10.530   10.500    9.960    9.750 :  102.760:   10.276   0.949 BUY
  10.180   10.150   10.570   10.800   10.030   10.530   10.500    9.960    9.750    9.550 :  102.020:   10.202   0.936 BUY
  10.150   10.570   10.800   10.030   10.530   10.500    9.960    9.750    9.550    9.890 :  101.730:   10.173   0.972     
  10.570   10.800   10.030   10.530   10.500    9.960    9.750    9.550    9.890    9.620 :  101.200:   10.120   0.951     
  10.800   10.030   10.530   10.500    9.960    9.750    9.550    9.890    9.620    9.840 :  100.470:   10.047   0.979     
  10.030   10.530   10.500    9.960    9.750    9.550    9.890    9.620    9.840    9.160 :   98.830:    9.883   0.927 BUY
  10.530   10.500    9.960    9.750    9.550    9.890    9.620    9.840    9.160    9.210 :   98.010:    9.801   0.940 BUY
  10.500    9.960    9.750    9.550    9.890    9.620    9.840    9.160    9.210    9.710 :   97.190:    9.719   0.999     
   9.960    9.750    9.550    9.890    9.620    9.840    9.160    9.210    9.710    9.130 :   95.820:    9.582   0.953     
   9.750    9.550    9.890    9.620    9.840    9.160    9.210    9.710    9.130    8.090 :   93.950:    9.395   0.861 BUY
   9.550    9.890    9.620    9.840    9.160    9.210    9.710    9.130    8.090    8.270 :   92.470:    9.247   0.894 BUY
   9.890    9.620    9.840    9.160    9.210    9.710    9.130    8.090    8.270    8.000 :   90.920:    9.092   0.880 BUY
   9.620    9.840    9.160    9.210    9.710    9.130    8.090    8.270    8.000    8.410 :   89.440:    8.944   0.940 BUY
   9.840    9.160    9.210    9.710    9.130    8.090    8.270    8.000    8.410    8.030 :   87.850:    8.785   0.914 BUY
   9.160    9.210    9.710    9.130    8.090    8.270    8.000    8.410    8.030    8.710 :   86.720:    8.672   1.004     
   9.210    9.710    9.130    8.090    8.270    8.000    8.410    8.030    8.710    8.940 :   86.500:    8.650   1.034     
   9.710    9.130    8.090    8.270    8.000    8.410    8.030    8.710    8.940    8.240 :   85.530:    8.553   0.963     
   9.130    8.090    8.270    8.000    8.410    8.030    8.710    8.940    8.240    8.180 :   84.000:    8.400   0.974     
   8.090    8.270    8.000    8.410    8.030    8.710    8.940    8.240    8.180    8.320 :   83.190:    8.319   1.000     
   8.270    8.000    8.410    8.030    8.710    8.940    8.240    8.180    8.320    7.890 :   82.990:    8.299   0.951     
   8.000    8.410    8.030    8.710    8.940    8.240    8.180    8.320    7.890    7.650 :   82.370:    8.237   0.929 BUY
   8.410    8.030    8.710    8.940    8.240    8.180    8.320    7.890    7.650    7.150 :   81.520:    8.152   0.877 BUY
   8.030    8.710    8.940    8.240    8.180    8.320    7.890    7.650    7.150    7.680 :   80.790:    8.079   0.951     
   8.710    8.940    8.240    8.180    8.320    7.890    7.650    7.150    7.680    7.390 :   80.150:    8.015   0.922 BUY
   8.940    8.240    8.180    8.320    7.890    7.650    7.150    7.680    7.390    7.390 :   78.830:    7.883   0.937 BUY
   8.240    8.180    8.320    7.890    7.650    7.150    7.680    7.390    7.390    7.500 :   77.390:    7.739   0.969     
   8.180    8.320    7.890    7.650    7.150    7.680    7.390    7.390    7.500    7.150 :   76.300:    7.630   0.937 BUY
   8.320    7.890    7.650    7.150    7.680    7.390    7.390    7.500    7.150    7.590 :   75.710:    7.571   1.003     
   7.890    7.650    7.150    7.680    7.390    7.390    7.500    7.150    7.590    7.850 :   75.240:    7.524   1.043     
   7.650    7.150    7.680    7.390    7.390    7.500    7.150    7.590    7.850    8.590 :   75.940:    7.594   1.131 SELL
   7.150    7.680    7.390    7.390    7.500    7.150    7.590    7.850    8.590    8.960 :   77.250:    7.725   1.160 SELL
   7.680    7.390    7.390    7.500    7.150    7.590    7.850    8.590    8.960    8.560 :   78.660:    7.866   1.088 SELL
   7.390    7.390    7.500    7.150    7.590    7.850    8.590    8.960    8.560    8.150 :   79.130:    7.913   1.030     
   7.390    7.500    7.150    7.590    7.850    8.590    8.960    8.560    8.150    8.980 :   80.720:    8.072   1.112 SELL
   7.500    7.150    7.590    7.850    8.590    8.960    8.560    8.150    8.980    8.410 :   81.740:    8.174   1.029     
   7.150    7.590    7.850    8.590    8.960    8.560    8.150    8.980    8.410    8.140 :   82.380:    8.238   0.988     
   7.590    7.850    8.590    8.960    8.560    8.150    8.980    8.410    8.140    8.560 :   83.790:    8.379   1.022     
   7.850    8.590    8.960    8.560    8.150    8.980    8.410    8.140    8.560    8.250 :   84.450:    8.445   0.977     
   8.590    8.960    8.560    8.150    8.980    8.410    8.140    8.560    8.250    8.490 :   85.090:    8.509   0.998     
   8.960    8.560    8.150    8.980    8.410    8.140    8.560    8.250    8.490    9.460 :   85.960:    8.596   1.101 SELL
   8.560    8.150    8.980    8.410    8.140    8.560    8.250    8.490    9.460    9.960 :   86.960:    8.696   1.145 SELL
   8.150    8.980    8.410    8.140    8.560    8.250    8.490    9.460    9.960    9.130 :   87.530:    8.753   1.043     
   8.980    8.410    8.140    8.560    8.250    8.490    9.460    9.960    9.130    9.200 :   88.580:    8.858   1.039     
   8.410    8.140    8.560    8.250    8.490    9.460    9.960    9.130    9.200    9.320 :   88.920:    8.892   1.048     
   8.140    8.560    8.250    8.490    9.460    9.960    9.130    9.200    9.320    9.630 :   90.140:    9.014   1.068 SELL
   8.560    8.250    8.490    9.460    9.960    9.130    9.200    9.320    9.630    9.130 :   91.130:    9.113   1.002     
   8.250    8.490    9.460    9.960    9.130    9.200    9.320    9.630    9.130    9.650 :   92.220:    9.222   1.046     
   8.490    9.460    9.960    9.130    9.200    9.320    9.630    9.130    9.650    9.620 :   93.590:    9.359   1.028     
   9.460    9.960    9.130    9.200    9.320    9.630    9.130    9.650    9.620    9.800 :   94.900:    9.490   1.033     
   9.960    9.130    9.200    9.320    9.630    9.130    9.650    9.620    9.800   10.250 :   95.690:    9.569   1.071 SELL
   9.130    9.200    9.320    9.630    9.130    9.650    9.620    9.800   10.250   10.480 :   96.210:    9.621   1.089 SELL
   9.200    9.320    9.630    9.130    9.650    9.620    9.800   10.250   10.480   10.390 :   97.470:    9.747   1.066 SELL
   9.320    9.630    9.130    9.650    9.620    9.800   10.250   10.480   10.390   10.200 :   98.470:    9.847   1.036     
   9.630    9.130    9.650    9.620    9.800   10.250   10.480   10.390   10.200   10.030 :   99.180:    9.918   1.011     
   9.130    9.650    9.620    9.800   10.250   10.480   10.390   10.200   10.030   10.900 :  100.450:   10.045   1.085 SELL
   9.650    9.620    9.800   10.250   10.480   10.390   10.200   10.030   10.900   10.430 :  101.750:   10.175   1.025     
   9.620    9.800   10.250   10.480   10.390   10.200   10.030   10.900   10.430   10.140 :  102.240:   10.224   0.992     
   9.800   10.250   10.480   10.390   10.200   10.030   10.900   10.430   10.140   10.950 :  103.570:   10.357   1.057 SELL
  10.250   10.480   10.390   10.200   10.030   10.900   10.430   10.140   10.950   10.410 :  104.180:   10.418   0.999     
  10.480   10.390   10.200   10.030   10.900   10.430   10.140   10.950   10.410   11.130 :  105.060:   10.506   1.059 SELL
  10.390   10.200   10.030   10.900   10.430   10.140   10.950   10.410   11.130   11.890 :  106.470:   10.647   1.117 SELL
  10.200   10.030   10.900   10.430   10.140   10.950   10.410   11.130   11.890   11.090 :  107.170:   10.717   1.035     
  10.030   10.900   10.430   10.140   10.950   10.410   11.130   11.890   11.090   11.160 :  108.130:   10.813   1.032     
  10.900   10.430   10.140   10.950   10.410   11.130   11.890   11.090   11.160   11.070 :  109.170:   10.917   1.014     
  10.430   10.140   10.950   10.410   11.130   11.890   11.090   11.160   11.070   11.370 :  109.640:   10.964   1.037     
  10.140   10.950   10.410   11.130   11.890   11.090   11.160   11.070   11.370   11.250 :  110.460:   11.046   1.018     
  10.950   10.410   11.130   11.890   11.090   11.160   11.070   11.370   11.250   11.140 :  111.460:   11.146   0.999     
  10.410   11.130   11.890   11.090   11.160   11.070   11.370   11.250   11.140   11.780 :  112.290:   11.229   1.049     
  11.130   11.890   11.090   11.160   11.070   11.370   11.250   11.140   11.780   11.460 :  113.340:   11.334   1.011     
  11.890   11.090   11.160   11.070   11.370   11.250   11.140   11.780   11.460   12.350 :  114.560:   11.456   1.078 SELL
  11.090   11.160   11.070   11.370   11.250   11.140   11.780   11.460   12.350   12.450 :  115.120:   11.512   1.081 SELL
  11.160   11.070   11.370   11.250   11.140   11.780   11.460   12.350   12.450   12.810 :  116.840:   11.684   1.096 SELL
  11.070   11.370   11.250   11.140   11.780   11.460   12.350   12.450   12.810   12.930 :  118.610:   11.861   1.090 SELL
  11.370   11.250   11.140   11.780   11.460   12.350   12.450   12.810   12.930   12.650 :  120.190:   12.019   1.053 SELL
  11.250   11.140   11.780   11.460   12.350   12.450   12.810   12.930   12.650   12.220 :  121.040:   12.104   1.010     
  11.140   11.780   11.460   12.350   12.450   12.810   12.930   12.650   12.220   12.680 :  122.470:   12.247   1.035     
  11.780   11.460   12.350   12.450   12.810   12.930   12.650   12.220   12.680   12.910 :  124.240:   12.424   1.039     
  11.460   12.350   12.450   12.810   12.930   12.650   12.220   12.680   12.910   12.250 :  124.710:   12.471   0.982     
  12.350   12.450   12.810   12.930   12.650   12.220   12.680   12.910   12.250   12.860 :  126.110:   12.611   1.020     
  12.450   12.810   12.930   12.650   12.220   12.680   12.910   12.250   12.860   11.470 :  125.230:   12.523   0.916 BUY
  12.810   12.930   12.650   12.220   12.680   12.910   12.250   12.860   11.470   11.510 :  124.290:   12.429   0.926 BUY
  12.930   12.650   12.220   12.680   12.910   12.250   12.860   11.470   11.510   11.600 :  123.080:   12.308   0.942 BUY
  12.650   12.220   12.680   12.910   12.250   12.860   11.470   11.510   11.600   11.820 :  121.970:   12.197   0.969     
  12.220   12.680   12.910   12.250   12.860   11.470   11.510   11.600   11.820   11.760 :  121.080:   12.108   0.971     
  12.680   12.910   12.250   12.860   11.470   11.510   11.600   11.820   11.760   11.460 :  120.320:   12.032   0.952     
  12.910   12.250   12.860   11.470   11.510   11.600   11.820   11.760   11.460   11.950 :  119.590:   11.959   0.999     
  12.250   12.860   11.470   11.510   11.600   11.820   11.760   11.460   11.950   11.630 :  118.310:   11.831   0.983     
  12.860   11.470   11.510   11.600   11.820   11.760   11.460   11.950   11.630   11.440 :  117.500:   11.750   0.974     
leave doMovingAverage
